1 24 14 19 7 6 5 10 3 9 8 
2 24 21 20 4 16 33 23 12 27 2 
3 11 24 19 14 15 20 7 10 9 3 
4 13 1 12 24 15 21 5 6 7 4 
5 13 1 24 12 3 9 10 4 6 5 
6 13 1 24 12 3 9 10 4 5 6 
7 13 1 24 12 3 9 10 4 5 6 
8 13 11 34 17 20 12 10 9 3 8 
9 11 24 15 19 7 5 6 3 10 9 
10 11 19 15 14 7 5 5 3 9 10 
11 9 10 3 19 20 29 13 34 25 11 
12 21 13 4 7 6 5 8 10 9 12 
13 21 4 6 5 10 9 8 27 12 11 
14 11 3 9 10 4 24 19 15 16 14 
15 1 11 3 9 9 4 10 19 21 14 
16 13 11 12 10 23 15 21 4 14 16 
17 29 11 34 12 9 10 30 18 5 16 
18 13 29 11 12 3 24 9 10 20 18 
19 1 3 24 10 10 9 9 15 14 19 
20 11 12 10 3 7 6 8 17 18 20 
21 33 13 11 12 4 17 24 15 16 21 
22 13 29 12 25 18 11 16 23 28 22 
23 33 13 24 17 21 4 12 22 11 23 
24 3 10 9 5 7 7 4 21 15 24 
25 17 32 30 26 28 29 11 27 31 25 
26 11 10 25 27 29 32 30 31 28 26 
27 13 32 12 30 26 28 31 25 29 27 
28 11 29 32 27 27 17 30 31 26 28 
29 17 32 11 30 26 28 25 31 27 29 
30 25 10 9 29 27 31 26 32 32 30 
31 17 11 11 30 27 29 25 26 28 31 
32 11 29 25 27 31 17 28 26 30 32 
33 21 4 5 16 23 12 11 13 27 33 
34 17 11 32 26 29 25 27 30 28 31 
